1SCF AM1 C.I.=8 NUMCI SCFCRT=0.0000100000 ITRY=200 LEV-OK GEO-OK T=10D VECTORS +
NOINTER MULLIK BONDS VESPA MULTIPOLE 
Chitosan_np_r
VAMP input file created by Materials Studio
C -57.54856508  1  3.19504158  1  5.59470197  1  
C -56.93601510  1  4.61489386  1  5.59236842  1  
C -58.06510146  1  2.93631796  1  6.97893700  1  
H -58.39110926  1  3.14090733  1  4.88830455  1  
C -57.64157759  1  5.67571328  1  6.39040407  1  
O -56.63671876  1  5.12259625  1  4.28269183  1  
H -55.96649921  1  4.44468472  1  6.10190624  1  
O -59.03780471  1  3.93640088  1  7.22822253  1  
C -58.74229527  1  1.62889981  1  7.22582473  1  
H -57.21140733  1  2.99699632  1  7.68054596  1  
C -58.41321194  1  5.16591199  1  7.56460329  1  
N -56.66399110  1  6.68946727  1  6.86510105  1  
H -58.34872674  1  6.16375449  1  5.70149038  1  
H -55.73272070  1  4.89061990  1  4.08807748  1  
H -58.90316655  1  1.51081224  1  8.31198694  1  
O -59.98759547  1  1.52932188  1  6.55065724  1  
H -58.13142435  1  0.77301003  1  6.92713844  1  
O -59.35155652  1  6.14364094  1  8.07220439  1  
H -57.67068568  1  4.95957815  1  8.36173336  1  
H -56.49036771  1  6.61911245  1  7.85158370  1  
C -56.50457728  1  7.96420054  1  6.44894593  1  
H -60.56214970  1  2.07996410  1  7.09247146  1  
O -57.06533458  1  8.39055771  1  5.46155447  1  
C -55.59537550  1  8.83509445  1  7.28818697  1  
H -56.02372593  1  9.09875027  1  8.26555412  1  
H -55.50356851  1  9.74116147  1  6.67524897  1  
H -54.58479695  1  8.41476868  1  7.42095238  1  
C -60.04571148  1  5.94976643  1  9.32902788  1  
C -61.25193220  1  5.00676344  1  9.22391292  1  
C -60.56929552  1  7.32872244  1  9.69552002  1  
H -59.35828693  1  5.56727573  1  10.09893398  1  
C -62.25959145  1  5.08006145  1  10.30576950  1  
O -60.84790947  1  3.64584982  1  9.00105848  1  
H -61.75736317  1  5.32205186  1  8.30479543  1  
O -61.42442097  1  7.28408471  1  10.84285981  1  
C -59.61620216  1  8.46836494  1  9.89854354  1  
H -61.17155339  1  7.62621908  1  8.81623466  1  
C -62.61765265  1  6.54197462  1  10.62626716  1  
N -63.54457667  1  4.34753752  1  10.06244580  1  
H -61.79224185  1  4.64424623  1  11.20400730  1  
H -61.13278657  1  3.19459969  1  9.78608893  1  
H -58.69587924  1  8.41303226  1  9.29230672  1  
O -60.30697892  1  9.68919605  1  9.62061967  1  
H -59.31002012  1  8.50875357  1  10.95514066  1  
H -63.21933648  1  6.99825986  1  9.82355867  1  
H -63.63217497  1  3.83763206  1  9.19337704  1  
C -64.31993684  1  4.05447325  1  11.13020385  1  
H -60.41257583  1  9.62680459  1  8.66526389  1  
O -64.12365069  1  4.56617426  1  12.21749755  1  
C -65.49079536  1  3.12085003  1  10.95306913  1  
H -65.24583061  1  2.15563354  1  10.48900124  1  
H -66.32197131  1  3.58770967  1  10.40849384  1  
H -65.82234406  1  2.93692295  1  11.98240719  1  
C -50.62113719  1  -1.78574041  1  0.14152505  1  
C -51.60052614  1  -1.70379157  1  -1.00656728  1  
C -51.04359250  1  -1.00439651  1  1.32566326  1  
H -50.57799213  1  -2.85065450  1  0.43699105  1  
C -53.05342868  1  -1.71444963  1  -0.62514770  1  
O -51.12187373  1  -2.73147261  1  -1.90261959  1  
H -51.40385774  1  -0.71734553  1  -1.46389002  1  
O -52.37510339  1  -1.36727250  1  1.59984137  1  
C -50.30565981  1  -1.32240092  1  2.57496762  1  
H -50.92315520  1  0.07293926  1  1.10907215  1  
C -53.28934199  1  -0.90135015  1  0.61978914  1  
N -53.85486806  1  -1.36828582  1  -1.81811638  1  
H -53.30033571  1  -2.75438161  1  -0.35050641  1  
H -51.51795924  1  -2.67288091  1  -2.77154656  1  
H -49.22491204  1  -1.19662019  1  2.45661577  1  
O -50.68358322  1  -0.45360313  1  3.62903255  1  
H -50.50868302  1  -2.37078138  1  2.86420529  1  
O -54.61198138  1  -0.90890347  1  1.22425919  1  
H -53.03853595  1  0.14705360  1  0.36512142  1  
H -53.67541907  1  -0.49860147  1  -2.29309466  1  
C -54.63139860  1  -2.27779636  1  -2.43944885  1  
H -51.66083604  1  -0.42124005  1  3.64527207  1  
O -54.99665090  1  -3.30688146  1  -1.90528605  1  
C -54.84955918  1  -2.00559647  1  -3.91059697  1  
H -55.34185411  1  -1.04191031  1  -4.11810523  1  
H -55.53529445  1  -2.80207591  1  -4.22250560  1  
H -53.91971234  1  -2.09398507  1  -4.49591241  1  
C -54.65515132  1  -0.02209703  1  2.38893548  1  
C -54.89160504  1  -0.71816829  1  3.76443560  1  
C -55.52455811  1  1.16679855  1  2.05773108  1  
H -53.65736629  1  0.42717736  1  2.52701455  1  
C -55.72873710  1  0.03844357  1  4.78088644  1  
O -53.54874526  1  -0.98286384  1  4.24078090  1  
H -55.37522485  1  -1.68224042  1  3.53798277  1  
O -55.65578609  1  1.96557420  1  3.22765887  1  
C -54.91009065  1  2.05244654  1  0.99907856  1  
H -56.51412995  1  0.81739227  1  1.70013651  1  
C -56.39710167  1  1.29299971  1  4.25693948  1  
N -56.64156214  1  -0.78788259  1  5.69964480  1  
H -54.96392561  1  0.46256673  1  5.45790767  1  
H -53.51153267  1  -1.70975864  1  4.89560805  1  
H -55.59216977  1  2.89459690  1  0.79634678  1  
O -53.63900739  1  2.59650559  1  1.37819307  1  
H -54.77045170  1  1.52125167  1  0.04739821  1  
O -56.56508572  1  2.15601652  1  5.40437102  1  
H -57.38029771  1  1.01478068  1  3.83929769  1  
H -57.63196902  1  -0.63209742  1  5.63305406  1  
C -56.14638975  1  -1.61009942  1  6.63845296  1  
H -53.92144409  1  3.10507569  1  2.15511554  1  
O -54.93512966  1  -1.78438022  1  6.69226185  1  
C -57.10080747  1  -2.39442960  1  7.49828382  1  
H -58.05211484  1  -1.91083086  1  7.77850053  1  
H -56.52068261  1  -2.61849964  1  8.40313278  1  
H -57.31760984  1  -3.34999507  1  6.99216901  1  
C -42.06027061  1  -1.01817602  1  -5.28036019  1  
C -42.48377590  1  -2.40592306  1  -5.83353339  1  
C -42.95753520  1  -0.37385019  1  -4.22714556  1  
H -41.10804944  1  -1.23377598  1  -4.76796327  1  
C -43.57523919  1  -3.09545933  1  -5.07416701  1  
O -41.25765819  1  -3.17125003  1  -5.92935705  1  
H -42.83531851  1  -2.22981244  1  -6.86099636  1  
O -43.60017741  1  -1.35260105  1  -3.41823877  1  
C -42.20751316  1  0.56419578  1  -3.31965555  1  
H -43.74240167  1  0.20053994  1  -4.74720114  1  
C -44.40979331  1  -2.17354673  1  -4.26836280  1  
N -44.50234007  1  -3.94437010  1  -5.87749683  1  
H -43.05819001  1  -3.74132632  1  -4.33803673  1  
H -41.30637073  1  -3.91064528  1  -6.55146084  1  
H -42.91371164  1  1.23893265  1  -2.80099795  1  
O -41.40382734  1  -0.10571864  1  -2.34637949  1  
H -41.53003790  1  1.21235260  1  -3.89150114  1  
O -45.39702444  1  -2.93002909  1  -3.54646298  1  
H -44.94849103  1  -1.51955942  1  -4.98129226  1  
H -45.42253348  1  -4.05776827  1  -5.49472937  1  
C -44.11183663  1  -4.70065053  1  -6.91205779  1  
H -42.05600025  1  -0.60478496  1  -1.85128633  1  
O -42.94855899  1  -4.75053173  1  -7.28466340  1  
C -45.16443439  1  -5.55214629  1  -7.58997585  1  
H -45.99554477  1  -4.96887700  1  -8.01178471  1  
H -45.57377668  1  -6.33715277  1  -6.93787035  1  
H -44.62794920  1  -6.02830615  1  -8.41707368  1  
C -46.21296488  1  -2.21819719  1  -2.61946050  1  
C -46.16711231  1  -2.82247242  1  -1.19324590  1  
C -47.64332637  1  -2.24494643  1  -3.13298436  1  
H -45.88138431  1  -1.16987951  1  -2.54214132  1  
C -47.17047528  1  -2.17509183  1  -0.29465778  1  
O -44.81404023  1  -2.83840697  1  -0.70310776  1  
H -46.44232733  1  -3.88415413  1  -1.30929595  1  
O -48.41292086  1  -1.44235487  1  -2.26132033  1  
C -47.95927083  1  -1.80141149  1  -4.53793879  1  
H -47.98038209  1  -3.30184170  1  -3.09724170  1  
C -48.47341587  1  -2.05510680  1  -0.97856541  1  
N -47.38680017  1  -2.63317703  1  1.13682866  1  
H -46.84393282  1  -1.12281426  1  -0.21467370  1  
H -44.80089555  1  -2.39180833  1  0.14370989  1  
H -49.03881352  1  -1.97203985  1  -4.68488206  1  
O -47.73559298  1  -0.42700625  1  -4.84520969  1  
H -47.44854466  1  -2.43481795  1  -5.28350187  1  
O -49.33222597  1  -1.25068162  1  -0.16592701  1  
H -48.88927288  1  -3.07353675  1  -1.07518247  1  
H -47.51330821  1  -3.62009955  1  1.34703421  1  
C -46.62301035  1  -2.03582948  1  2.09031363  1  
H -46.90056896  1  -0.42186012  1  -5.31778739  1  
O -45.80127382  1  -1.18771217  1  1.78905313  1  
C -46.80111662  1  -2.51637908  1  3.50766035  1  
H -47.80483530  1  -2.29897247  1  3.90679300  1  
H -46.07248493  1  -1.92587516  1  4.07549238  1  
H -46.57481646  1  -3.58367187  1  3.65057876  1  
C -50.01258758  1  3.23311866  1  -7.88545377  1  
C -49.58923080  1  3.24389293  1  -9.37137738  1  
C -48.99278849  1  2.76062535  1  -6.85349822  1  
H -50.25520730  1  4.29119740  1  -7.69278903  1  
C -48.10604099  1  3.30698011  1  -9.53138856  1  
O -50.39233069  1  4.30461736  1  -9.96005603  1  
H -49.92727582  1  2.28498010  1  -9.80381289  1  
O -47.64642653  1  2.71790524  1  -7.28305058  1  
C -49.03573814  1  3.62598593  1  -5.61897775  1  
H -49.29766785  1  1.73311180  1  -6.57865232  1  
C -47.48040322  1  2.29780650  1  -8.63563965  1  
N -47.57866453  1  3.20769131  1  -10.94062610  1  
H -47.79082293  1  4.29014149  1  -9.13609239  1  
H -50.22880548  1  4.36719527  1  -10.91446351  1  
H -48.24009691  1  3.30328457  1  -4.92585467  1  
O -48.84147704  1  5.01534022  1  -5.92470172  1  
H -50.00119200  1  3.49892029  1  -5.10154029  1  
O -46.09180238  1  2.07816674  1  -8.97252003  1  
H -47.99180499  1  1.32745911  1  -8.78303878  1  
H -46.84368332  1  2.52927381  1  -11.09058161  1  
C -47.46804424  1  4.30970278  1  -11.71925645  1  
H -49.49368445  1  5.49256720  1  -5.39672583  1  
O -48.22025748  1  5.26545800  1  -11.63966905  1  
C -46.39804371  1  4.17512941  1  -12.76386317  1  
H -46.68274293  1  3.47280954  1  -13.56384403  1  
H -45.41125679  1  3.89489763  1  -12.35942386  1  
H -46.31555359  1  5.17489943  1  -13.20433443  1  
C -45.17138372  1  1.52989584  1  -7.98453116  1  
C -43.99980483  1  2.46982750  1  -7.74646970  1  
C -44.63382212  1  0.17284196  1  -8.39622970  1  
H -45.68626491  1  1.42279852  1  -7.01546673  1  
C -43.02179924  1  1.91221729  1  -6.78067131  1  
O -44.58083603  1  3.70996272  1  -7.31909702  1  
H -43.52270512  1  2.63358928  1  -8.72954053  1  
O -43.67024230  1  -0.28123197  1  -7.44560585  1  
C -45.63750889  1  -0.94543008  1  -8.42875096  1  
H -44.16746071  1  0.27457714  1  -9.39540450  1  
C -42.55424744  1  0.56615423  1  -7.19842288  1  
N -42.00156773  1  2.83635630  1  -6.24729475  1  
H -43.65388198  1  1.74437914  1  -5.89239121  1  
H -43.94527204  1  4.38579370  1  -7.52818282  1  
H -45.07201609  1  -1.89066738  1  -8.49560614  1  
O -46.43342843  1  -1.02220399  1  -7.24698757  1  
H -46.28805483  1  -0.90938877  1  -9.31775897  1  
O -41.63569501  1  -0.05592438  1  -6.28059649  1  
H -41.96184835  1  0.67048880  1  -8.12210082  1  
H -42.14561562  1  3.06342243  1  -5.27756915  1  
C -41.11975164  1  3.52414592  1  -6.95116933  1  
H -47.24333349  1  -0.57071612  1  -7.46721875  1  
O -40.88228118  1  3.30559082  1  -8.12625869  1  
C -40.38791774  1  4.58531762  1  -6.17005744  1  
H -39.77845716  1  5.10109644  1  -6.92151159  1  
H -39.71272671  1  4.16369954  1  -5.40753743  1  
H -41.06536390  1  5.31616857  1  -5.69859757  1  
C -59.30576290  1  4.79496056  1  -6.13602913  1  
C -59.05660617  1  6.27659028  1  -6.06354195  1  
C -58.87538792  1  4.24272352  1  -7.50130152  1  
H -58.67861633  1  4.38145675  1  -5.32451798  1  
C -57.62157777  1  6.58118362  1  -6.33923786  1  
O -59.48763596  1  6.75538021  1  -4.76600916  1  
H -59.68607019  1  6.74188819  1  -6.84172029  1  
O -57.81587064  1  4.95697039  1  -8.15413488  1  
C -58.63507514  1  2.72794086  1  -7.43527870  1  
H -59.73519445  1  4.43234215  1  -8.16497073  1  
C -56.91036606  1  5.65803737  1  -7.29622521  1  
N -57.46333221  1  8.00716079  1  -6.70443434  1  
H -57.12707086  1  6.43299733  1  -5.36606404  1  
H -59.80047032  1  7.65267559  1  -4.91706688  1  
H -57.70928762  1  2.47759733  1  -7.96678887  1  
O -58.48579136  1  2.24773300  1  -6.09802219  1  
H -59.44255158  1  2.16756272  1  -7.93986592  1  
O -55.96953466  1  4.83215255  1  -6.58550067  1  
H -56.33782201  1  6.29404946  1  -7.98852928  1  
H -57.80131509  1  8.31425827  1  -7.60037558  1  
C -56.62049136  1  8.79743370  1  -6.01901211  1  
H -59.17030752  1  2.70446017  1  -5.60381145  1  
O -56.00221939  1  8.40311109  1  -5.04709049  1  
C -56.57919705  1  10.22710096  1  -6.49469744  1  
H -56.16895815  1  10.30142060  1  -7.51215409  1  
H -55.87099252  1  10.70899393  1  -5.81211865  1  
H -57.55617658  1  10.72943851  1  -6.43195516  1  
C -55.09464617  1  3.97395969  1  -7.37355783  1  
C -54.61664262  1  2.94938215  1  -6.38040985  1  
C -53.92918066  1  4.67613970  1  -8.08522055  1  
H -55.68812985  1  3.42807257  1  -8.13161313  1  
C -53.35720279  1  2.24941674  1  -6.65101146  1  
O -55.69371981  1  2.03130248  1  -6.16506852  1  
H -54.46307895  1  3.54438963  1  -5.46082747  1  
O -52.82076022  1  3.81479044  1  -8.39058967  1  
C -54.28047679  1  5.17865030  1  -9.44383847  1  
H -53.58942673  1  5.50499240  1  -7.43961479  1  
C -52.33889951  1  3.15503383  1  -7.23148854  1  
N -52.95792897  1  1.47046811  1  -5.45558578  1  
H -53.58414115  1  1.52810996  1  -7.45536250  1  
H -55.59635319  1  1.75393702  1  -5.24917923  1  
H -55.25715949  1  5.65820181  1  -9.52571011  1  
O -53.35059946  1  6.12938676  1  -9.94207858  1  
H -54.30506178  1  4.29119405  1  -10.10551623  1  
O -51.17506170  1  2.41851914  1  -7.61396136  1  
H -52.06562080  1  3.90842009  1  -6.46854049  1  
H -52.84953135  1  1.96587330  1  -4.58938098  1  
C -52.43316772  1  0.25146117  1  -5.62512504  1  
H -52.47440616  1  5.73301082  1  -9.81054596  1  
O -52.50565371  1  -0.37953356  1  -6.66689071  1  
C -51.67710732  1  -0.26833375  1  -4.43226274  1  
H -50.66210851  1  0.16262651  1  -4.42091729  1  
H -51.58151197  1  -1.34431124  1  -4.61961691  1  
H -52.16453556  1  -0.10586432  1  -3.46384014  1  
C -67.03609175  1  3.97771831  1  0.90773899  1  
C -66.17110643  1  5.19018374  1  1.25049082  1  
C -66.84895168  1  3.72529298  1  -0.56107109  1  
H -66.63212600  1  3.11340704  1  1.46497889  1  
C -64.78766450  1  5.26664532  1  0.68348327  1  
O -66.13171265  1  5.37892996  1  2.67154191  1  
H -66.75539012  1  6.02378264  1  0.82746636  1  
O -65.43875616  1  3.56666696  1  -0.74986083  1  
C -67.39117150  1  2.56154552  1  -1.30515141  1  
H -67.22451907  1  4.61902511  1  -1.09969006  1  
C -64.77381839  1  4.81577229  1  -0.73388003  1  
N -64.11333309  1  6.54918950  1  0.99707795  1  
H -64.19613601  1  4.49947796  1  1.21928464  1  
H -67.04463729  1  5.44018151  1  2.92673666  1  
H -68.46944873  1  2.58755754  1  -1.49276175  1  
O -66.74422483  1  2.63421888  1  -2.57887918  1  
H -67.14053588  1  1.60568384  1  -0.80955839  1  
O -63.45905719  1  4.64739705  1  -1.30700226  1  
H -65.32134596  1  5.55021433  1  -1.35030328  1  
H -63.17473139  1  6.50748660  1  1.36322990  1  
C -64.63913069  1  7.71854368  1  0.61039268  1  
H -65.82547038  1  2.76819218  1  -2.31046665  1  
O -65.63931126  1  7.75272232  1  -0.08015751  1  
C -63.98827663  1  8.99690555  1  1.07762312  1  
H -63.96145944  1  9.09495795  1  2.17341010  1  
H -64.64702241  1  9.78011128  1  0.67962150  1  
H -62.97455746  1  9.14340499  1  0.67839816  1  
C -63.39827186  1  4.57796523  1  -2.76510061  1  
C -63.01831691  1  3.18068765  1  -3.32345427  1  
C -62.42693529  1  5.66041101  1  -3.17946959  1  
H -64.38385934  1  4.81611152  1  -3.19797280  1  
C -62.22028270  1  3.13307083  1  -4.58786527  1  
O -64.15376903  1  2.28832693  1  -3.33057556  1  
H -62.36716914  1  2.76404701  1  -2.53871759  1  
O -62.09625269  1  5.51301809  1  -4.56062664  1  
C -62.95855206  1  7.05232934  1  -2.97408935  1  
H -61.52856090  1  5.55514458  1  -2.53879091  1  
C -61.32319667  1  4.31962022  1  -4.72125220  1  
N -61.58930876  1  1.78535462  1  -4.83830828  1  
H -62.94540037  1  3.28316354  1  -5.41370813  1  
H -64.57732474  1  2.22125947  1  -4.20872125  1  
H -63.64761033  1  7.12470567  1  -2.11294203  1  
O -61.87878530  1  7.96776138  1  -2.79117894  1  
H -63.53049872  1  7.31995054  1  -3.87811541  1  
O -60.66158898  1  4.31745347  1  -6.00349526  1  
H -60.55437713  1  4.27290844  1  -3.93061674  1  
H -60.61066094  1  1.61919659  1  -4.67547016  1  
C -62.33270059  1  0.81318519  1  -5.39541517  1  
H -62.27522142  1  8.83811643  1  -2.84459539  1  
O -63.52047727  1  0.94360410  1  -5.64427553  1  
C -61.60106904  1  -0.47596903  1  -5.61105004  1  
H -61.77420391  1  -1.10326190  1  -4.72235911  1  
H -60.52340511  1  -0.40938806  1  -5.81755188  1  
H -62.10975833  1  -0.94109205  1  -6.46182444  1  
C -65.95707399  1  6.68730525  1  6.97806358  1  
C -66.28797057  1  5.42002924  1  7.77329599  1  
C -66.40432177  1  6.62425492  1  5.51922791  1  
H -66.58288175  1  7.46112966  1  7.45367681  1  
C -67.46503066  1  4.64381322  1  7.30350713  1  
O -66.49661158  1  5.75180360  1  9.15655262  1  
H -65.39396818  1  4.79192894  1  7.71594994  1  
O -67.71675483  1  6.05901338  1  5.46443360  1  
C -66.53434921  1  7.94801792  1  4.78290524  1  
H -65.71029949  1  5.96833040  1  4.97089408  1  
C -67.63938238  1  4.68251738  1  5.84195439  1  
N -67.66351437  1  3.31285653  1  7.92396064  1  
H -68.33044246  1  5.23096396  1  7.67050307  1  
H -65.64267611  1  5.88609552  1  9.56676677  1  
H -67.33982895  1  7.82566186  1  4.03454318  1  
O -66.77632037  1  9.10047238  1  5.58092308  1  
H -65.63633204  1  8.18345236  1  4.19784493  1  
O -68.85977714  1  3.99959729  1  5.47566420  1  
H -66.78393004  1  4.18939843  1  5.35238736  1  
H -68.59909354  1  3.09788271  1  8.23612263  1  
C -66.72427999  1  2.35978875  1  7.83748272  1  
H -67.64422785  1  9.02822793  1  5.99459745  1  
O -65.59673037  1  2.57731294  1  7.44253164  1  
C -67.13868398  1  1.01213916  1  8.36710240  1  
H -67.40696126  1  1.03888093  1  9.43350369  1  
H -66.23863312  1  0.39892542  1  8.25063742  1  
H -67.95492181  1  0.54188411  1  7.79972915  1  
C -68.94738532  1  3.71441311  1  4.06818978  1  
C -70.25009641  1  4.20232094  1  3.41025069  1  
C -68.77720071  1  2.23724084  1  3.72882613  1  
H -68.12243288  1  4.23413605  1  3.56665580  1  
C -70.48823234  1  3.49582264  1  2.11307272  1  
O -70.24070860  1  5.63489850  1  3.26166081  1  
H -71.05939526  1  3.95782778  1  4.12275131  1  
O -68.57171684  1  2.07940961  1  2.30664436  1  
C -67.73910419  1  1.43654760  1  4.46900282  1  
H -69.72485519  1  1.72965063  1  4.00364302  1  
C -69.20030697  1  3.11656831  1  1.50904118  1  
N -71.28807522  1  2.24740767  1  2.15650595  1  
H -70.98206303  1  4.20294108  1  1.42717758  1  
H -71.13800250  1  5.92684589  1  3.42120425  1  
H -67.75396684  1  0.41070081  1  4.05541140  1  
O -66.41768676  1  1.94828363  1  4.47536392  1  
H -68.01890562  1  1.34991284  1  5.52646721  1  
O -68.39061493  1  4.27232755  1  1.32360209  1  
H -69.37845800  1  2.64643900  1  0.52731858  1  
H -70.68244021  1  1.43175660  1  2.13438429  1  
C -72.61498732  1  2.20588840  1  2.12270314  1  
H -66.17457134  1  2.04751588  1  3.55438140  1  
O -73.30374057  1  3.21055713  1  2.09882986  1  
C -73.20706806  1  0.81977600  1  2.15688444  1  
H -74.28491413  1  0.99118238  1  2.07281466  1  
H -73.01200345  1  0.30471763  1  3.11028699  1  
H -72.88594476  1  0.18012030  1  1.32052815  1  
C -59.03089147  1  4.55119067  1  0.44868830  1  
C -59.99203918  1  3.43691275  1  0.84650808  1  
C -59.27565061  1  5.83344164  1  1.23057806  1  
H -58.01438365  1  4.18088555  1  0.67723942  1  
C -60.07723296  1  3.26618115  1  2.30936655  1  
O -59.63310785  1  2.25331116  1  0.10406403  1  
H -60.98316609  1  3.74900558  1  0.46557249  1  
O -59.50775386  1  5.53810750  1  2.60246827  1  
C -58.14174152  1  6.82598002  1  1.26884006  1  
H -60.16483104  1  6.32002983  1  0.78643109  1  
C -60.52831769  1  4.57123616  1  2.83231681  1  
N -60.70559643  1  2.01752012  1  2.82518352  1  
H -59.03969853  1  3.16569233  1  2.67665691  1  
H -60.38747437  1  1.67720500  1  0.26917034  1  
H -58.45129138  1  7.66733957  1  1.91510348  1  
O -56.91540488  1  6.28801435  1  1.79326721  1  
H -57.93273724  1  7.27895241  1  0.29413386  1  
O -60.82365353  1  4.53710206  1  4.23391169  1  
H -61.44159480  1  4.85819614  1  2.28161001  1  
H -60.03637356  1  1.41557615  1  3.27736375  1  
C -61.94583398  1  1.57440770  1  2.64850776  1  
H -57.18862917  1  6.18367773  1  2.72755823  1  
O -62.81665189  1  2.19377233  1  2.06417616  1  
C -62.22302107  1  0.22103586  1  3.25081263  1  
H -61.89551997  1  0.09964772  1  4.29550304  1  
H -61.78351092  1  -0.58282711  1  2.64064596  1  
H -63.31527517  1  0.13431702  1  3.21428263  1  
C -62.00602117  1  5.26367216  1  4.59124067  1  
C -61.86742663  1  6.77449183  1  4.75369542  1  
C -62.46205853  1  4.57767390  1  5.85662415  1  
H -62.79346014  1  5.12560626  1  3.82495918  1  
C -63.11833875  1  7.31274732  1  5.32183753  1  
O -61.57309257  1  7.37289782  1  3.46767505  1  
H -61.02377530  1  6.99049521  1  5.43436513  1  
O -63.52641505  1  5.24979799  1  6.52072815  1  
C -62.98938755  1  3.18590986  1  5.63117886  1  
H -61.56295297  1  4.51700606  1  6.49582010  1  
C -63.44038940  1  6.66556895  1  6.60878722  1  
N -63.25286326  1  8.79801545  1  5.26551462  1  
H -63.89608879  1  6.96636266  1  4.61868569  1  
H -61.90521541  1  8.26951599  1  3.61607652  1  
H -63.31674060  1  2.79591286  1  6.60790522  1  
O -64.08765829  1  3.18320480  1  4.71795665  1  
H -62.22188650  1  2.48933330  1  5.26722446  1  
O -64.62459041  1  7.19536328  1  7.23102291  1  
H -62.64528232  1  6.93985252  1  7.31856666  1  
H -64.18658258  1  9.07872343  1  4.98396645  1  
C -62.85394887  1  9.61569025  1  6.29707686  1  
H -64.83506159  1  2.74026281  1  5.12997177  1  
O -61.79692015  1  9.47364257  1  6.87698437  1  
C -63.77434571  1  10.78550419  1  6.56774463  1  
H -63.72135658  1  11.53642170  1  5.76410387  1  
H -63.38866871  1  11.24036208  1  7.49068310  1  
H -64.82805412  1  10.51880994  1  6.74201981  1  
C -49.93147124  1  4.47612450  1  -2.05294290  1  
C -50.27093752  1  5.87195394  1  -2.54385682  1  
C -51.10220659  1  3.75671227  1  -1.40048852  1  
H -49.58171304  1  3.90245736  1  -2.92345443  1  
C -51.63749547  1  6.02517734  1  -3.10787668  1  
O -49.28699383  1  6.34233493  1  -3.48001806  1  
H -50.22441920  1  6.50877836  1  -1.63976572  1  
O -52.32223048  1  3.84922133  1  -2.15333467  1  
C -50.78019073  1  2.30401000  1  -1.08097996  1  
H -51.25585775  1  4.26619786  1  -0.42724998  1  
C -52.67320884  1  5.21918373  1  -2.39587917  1  
N -52.08557481  1  7.44223822  1  -3.15107240  1  
H -51.60235676  1  5.65302014  1  -4.14594371  1  
H -48.43770792  1  6.41851875  1  -3.03549357  1  
H -51.71374145  1  1.80561463  1  -0.76487731  1  
O -50.20804479  1  1.59912690  1  -2.18406909  1  
H -50.08385963  1  2.26702939  1  -0.22659812  1  
O -53.94827662  1  5.28702341  1  -3.09442061  1  
H -52.79363629  1  5.70155780  1  -1.40538019  1  
H -52.79449762  1  7.68622192  1  -2.48262653  1  
C -52.01871091  1  8.27348049  1  -4.19571775  1  
H -49.57602676  1  0.94269938  1  -1.86932890  1  
O -51.35457986  1  8.06806663  1  -5.19157288  1  
C -52.80413708  1  9.54577223  1  -3.97739383  1  
H -52.58533369  1  10.13067754  1  -4.87612133  1  
H -52.45185940  1  10.11590243  1  -3.10395991  1  
H -53.89169466  1  9.39872221  1  -3.90807363  1  
C -55.11439465  1  5.02099526  1  -2.25101718  1  
C -56.04597784  1  3.93888804  1  -2.80771618  1  
C -55.92643155  1  6.26557304  1  -1.99236191  1  
H -54.75619419  1  4.63903641  1  -1.27949650  1  
C -57.16908111  1  3.62134070  1  -1.89086826  1  
O -55.26374124  1  2.81042108  1  -3.14756138  1  
H -56.45164333  1  4.30509707  1  -3.76592601  1  
O -57.09997127  1  5.91088019  1  -1.26880007  1  
C -55.29809133  1  7.26242516  1  -1.06460206  1  
H -56.16662355  1  6.73169928  1  -2.96435983  1  
C -57.95043844  1  4.87184530  1  -1.74285342  1  
N -58.09348879  1  2.46806070  1  -2.16668350  1  
H -56.71267408  1  3.42390325  1  -0.90514242  1  
H -54.48263117  1  2.85611221  1  -2.59826010  1  
H -56.02326012  1  8.08059774  1  -0.88723275  1  
O -54.92277836  1  6.67537977  1  0.18466891  1  
H -54.40227348  1  7.73923940  1  -1.47087936  1  
O -59.16959172  1  4.79211376  1  -0.96602840  1  
H -58.32609945  1  5.14630040  1  -2.74613856  1  
H -59.00553862  1  2.60470950  1  -1.75317853  1  
C -57.73437341  1  1.16820215  1  -2.33644921  1  
H -55.74686611  1  6.62230624  1  0.71319004  1  
O -56.59739238  1  0.77001837  1  -2.48178911  1  
C -58.90352311  1  0.20011984  1  -2.38050593  1  
H -59.53110485  1  0.18359250  1  -1.47649387  1  
H -58.39439573  1  -0.76850383  1  -2.47357970  1  
H -59.54378167  1  0.33260453  1  -3.26637500  1  
C -39.72240166  1  3.45153237  1  -0.21079641  1  
C -39.80709086  1  4.63718524  1  -1.06175042  1  
C -40.84989130  1  3.40634271  1  0.71415725  1  
H -39.72136432  1  2.53813459  1  -0.83107031  1  
C -41.13632705  1  4.76645787  1  -1.69834929  1  
O -38.75004489  1  4.50784331  1  -2.03710903  1  
H -39.58437351  1  5.51946220  1  -0.43151360  1  
O -42.02824635  1  3.20230787  1  -0.05838550  1  
C -40.72677121  1  2.27078533  1  1.69306196  1  
H -40.91037843  1  4.35298479  1  1.28251152  1  
C -42.33014617  1  4.33162637  1  -0.89320289  1  
N -41.40355123  1  6.05075709  1  -2.36640228  1  
H -41.09389502  1  4.02585375  1  -2.51888932  1  
H -37.95319280  1  4.22174190  1  -1.59184326  1  
H -41.61004577  1  2.27494844  1  2.35986769  1  
O -40.58704157  1  0.97632405  1  1.10997752  1  
H -39.84391080  1  2.40651115  1  2.33451597  1  
O -43.43002355  1  4.07414121  1  -1.81579267  1  
H -42.61896952  1  5.16124022  1  -0.22519132  1  
H -41.59987633  1  6.02721707  1  -3.35298026  1  
C -41.57685161  1  7.20015628  1  -1.69291593  1  
H -41.38191188  1  0.84323177  1  0.60187566  1  
O -41.34328020  1  7.31117273  1  -0.49922412  1  
C -42.04488385  1  8.35111061  1  -2.54456112  1  
H -41.35572705  1  8.58325474  1  -3.37098440  1  
H -42.06117543  1  9.20303721  1  -1.85659242  1  
H -43.05692217  1  8.20523400  1  -2.95007938  1  
C -44.75826981  1  4.49110026  1  -1.43952559  1  
C -45.37988566  1  3.60533450  1  -0.38136436  1  
C -45.62730061  1  4.45505395  1  -2.66718329  1  
H -44.76067795  1  5.52830430  1  -1.05716069  1  
C -46.83426365  1  3.83774524  1  -0.13402605  1  
O -44.63293948  1  3.74313455  1  0.82915184  1  
H -45.25714703  1  2.56822425  1  -0.74987475  1  
O -46.91551630  1  4.93863516  1  -2.28100156  1  
C -45.20596528  1  5.29922322  1  -3.83411278  1  
H -45.66815228  1  3.40656482  1  -3.01970608  1  
C -47.61179709  1  4.06263022  1  -1.38327034  1  
N -47.47602832  1  2.81174633  1  0.73448437  1  
H -46.88952422  1  4.79591437  1  0.41305872  1  
H -43.72286244  1  3.51117256  1  0.61712620  1  
H -45.83042285  1  5.03140606  1  -4.70959015  1  
O -45.29689249  1  6.69971302  1  -3.60042876  1  
H -44.16270253  1  5.10658915  1  -4.12509471  1  
O -48.91678025  1  4.55238142  1  -1.03710865  1  
H -47.72146144  1  3.08054865  1  -1.88329854  1  
H -47.81388162  1  1.96217779  1  0.31933214  1  
C -48.07816976  1  3.13944075  1  1.87866153  1  
H -46.22731106  1  6.90905814  1  -3.58652336  1  
O -48.05005990  1  4.24295065  1  2.39513500  1  
C -48.75132695  1  2.00150177  1  2.56731519  1  
H -48.71271682  1  1.01501531  1  2.08559945  1  
H -49.79124656  1  2.31005838  1  2.73577197  1  
H -48.24183035  1  1.93146148  1  3.54028844  1  

